42507686
42497621
42397674
42339680
42337499
42292762
42258871
42258012
42177578
42174817
42147526
42063049
41973653
41969604
41911083
41662365
41595965
41591267
41575711
41545675
41494674
41329943
41285609
41234615
41232742
41144436
41134419
41131739
41120019
41064697
40960827
40881211
40776317
40721799
40584461
40523280
40491992
40480990
40408340
40337565
40256318
40234807
40090592
39987667
39924308
39922126
39734422
39714636
39642139
39430352
39302916
39165074
39154769
38935968
38858466
38833268
38817706
38815363
37999607
37900571
37397176
37370981
37283981
37058576
36842381
36812518
36668902
36561922
36418408
36386862
36088657
36081013
35966141
35632275
35387649
35360365
35138264
35069786
35062809
35062181
34282632
34118630
33095109
32431851
31916153
31412685
31253823
30717268
