  % Total    % Received % Xferd  Average Speed  Time    Time    Time   Current
                                 Dload  Upload  Total   Spent   Left   Speed

  0      0   0      0   0      0      0      0           00:02              0
  0      0   0      0   0      0      0      0           00:03              0
  0      0   0      0   0      0      0      0           00:04              0
100  16374   0  16374   0      0   2569      0           00:06           4000
100  24576   0  24576   0      0   3315      0           00:07           4788
100  71207   0  71207   0      0   8887      0           00:08           4788
100  71207   0  71207   0      0   8887      0           00:08           4788
100  71207   0  71207   0      0   8887      0           00:08           4788
